o-<3 586 {¹1⁵⁴

Hohenlohe 510. ¹ Leodiensis episc. 9. 11, 26, 27, m, 32.
Hollandia 272. 289, «136. 437, 452. 455. ¹ 41. 52, 61, 74, 131, 136, 140, 197.
Hostet 510. 199, 210, 227, 264, 275, 278, 280.
Hulstius Franciscus 554. ι 282. 290, 293 , 299 , 438, 448, 452,
Hungaria 51 etc. ¹ 453, 560,

IIupfen 501. 1 Leumpach 511.

llupsstein 505, 548. 1 Levinus 84, 407.

Huss Joannes 69, 80, 181, 184, 187, ² Lorch 513.

237. l Lotharingia 475, 477, 478, 481, 494, 548,
Hussitae 3,10. lovanium 25, 35, 101, 113, 259, 267.

Hutten Ulrieus 10,18, 31, 32, 33, 80, · 293, 550, 555. 556,
103,110,125,131,134.142, 153, 1Lubecca360
154, 155, 157, 158, 159, 160. 162, · Luikirch 501.
199, 207. 208, 209, 211. 226, 235, , Lunreunt 511.
242, 252, 272, 274. 297, 298, 308. : Iutherus Martinus 1, 3, 5, 6, 7. 8, 9.

nemu 501, 546. ἑ 12, 13 14, υς, 17, 18, 22, 23 25,
Ingeltal 514. 26, 28, 29, 31, 32, 33, 35, 36, 38.
Ingolstat 511. 546. 547. ⁵ 39, 40, 42, 43, 52, 53, 54, 55, 56,
[nnelthausen 510. 58. 59, 60, 67. 69, 70, 71, 72, 73,
[nnspruck 382. 405. 428. -166, 470, 74, 75, 76, 78, 81, 86, 87, 88, 90.
486. 507. 91, 92, 94, 95, 96, 97, 101, 102. 103.
Ipsen 548. 104, 107, 108, 111, 112, 113, 115,
Irsa 513. ι 116, 117, 118, 119, 120, 121, 122.
Itali 115. Ι 123, 126, 130, 131, 133, 134, 135,
ltalia 42, 44, 46, 51. ι 136, 137, 138, 140, 141. 145. 146,
Jambach 548. ξ 147, 149, 151, 152, 153, 155, 158,
Joannes Saxoniae Dux 505, 545, 548. ² 159, 160, 161, 162. 164, 165, 166,
Joachirms andeburgi 78, 80, 160, 167, . 170, 171, 172, 173, 175, 176, 180,
168, 208, 250, 270, 412. 413, 443. 181, 183, 185. 186, 187, 188, 189.
Julianus de Medicis 570 et seq. ² 190, 194, 195, 196. 198, ffll , 202,
Keistnar 501. . 204, 205. 206, 207, 209, 212, 213,
Kirchberg 511. “ 214, 218, 219, 220, 223, 224, 225,
Kirchen 514. 1 227, 228, 229, 230, 232, 234, 235,
Kircmauter 510. ¹ 236, 239, 240, 241. 245, 251, 260.
Kislaro 546. 261, 263, 267, 268, 269, 271, 275,
Kitzing 512. 277, 282, 288, 295, 298, 31Χ), 3OE,
Kleinach 511. 307, 3-19, 351, 357, 375, 398, 480,
Kleissenau 510. 423, 500, 513. 552. 553, 556, 557,
Komberg 269. 1 562, 567.
Kungshofen 508, 509, 546. Magdeburgum 269, 321, 399, 408. 418,
Kutzhe 511. · 421, 465, 534.
Lahingen 546. Ξ Magnus Joannes 303.
Lancheim 510. Mansselt (comites de) 269, 568.
Lanspergium 549. · Marchtelszpach 548.
Lapponia 303. Margareta Archid. 361, 379, 425. 436.
Lausanna 375. ' Markdors 501.
Laybach 542. Martech 510.
Ledlitz 510. Marthal 513.
Leiphaim 502. 545. ’ Marx 510.
Leiterpach 511. Melanchton Philippus 237.
Lemerszheim 512, 548. - Memingen 506, 513, 547, 549.

Leo X. 1, 4, 17, 89, 113, 150, 320, Ι Meran 507
337, 343, 401, 432, 497, 539, 554. Ι Messing 502, 547.

